UOSAT 2 (UO-11)
1 14781U 84021B   22016.55803944  .00000536  00000-0  71296-4 0  9998
2 14781  97.6054  11.0543 0009927  99.3994 260.8343 14.83412184 17525
TIROS N [P]
1 11060U 78096A   22016.39639847  .00000095  00000-0  66924-4 0  9993
2 11060  98.6600  74.0040 0010065 216.4413 143.6078 14.18345197450053
NOAA 9 [P]
1 15427U 84123A   22016.55979080  .00000030  00000-0  38193-4 0  9992
2 15427  99.0250 346.7316 0014025 234.2707 236.2044 14.16161844915117
EUTELSAT 1-F4 (ECS 4)
1 18351U 87078B   22016.30134524 -.00000254  00000-0  00000-0 0  9993
2 18351  14.9543 354.0827 0012630   9.9447   7.7463  0.98690688110845
EUTELSAT 1-F5 (ECS 5)
1 19331U 88063B   22016.32346699 -.00000162  00000-0  00000-0 0  9995
2 19331  15.3776 358.0040 0011913 103.0579 259.9620  0.98165649 98512
FENGYUN 1D
1 27431U 02024B   22016.59844189  .00000031  00000-0  43947-4 0  9999
2 27431  99.1412  34.9215 0016386  85.0026 275.3013 14.09742155 12231
CBERS 2B
1 32062U 07042A   22016.43161008 -.00000107  00000-0 -20984-4 0  9997
2 32062  98.1751 350.0586 0032141 155.0146 205.2606 14.39818216752554
GEOSAT
1 15595U 85021A   22016.54777032  .00000041  00000-0  58125-4 0  9997
2 15595 108.0463 328.7635 0002434 291.0369  69.0512 14.38247810930773
Akebono EXOS-D
1 19822U 89016A   22016.52480780  .00032461  64480-7  52542-3 0  9997
2 19822  74.9992  63.3139 1593178  87.8608 290.3304 12.38845156110208
HAMSAT
1 28650U 05017B   22016.48153883  .00001402  00000-0  15088-3 0  9997
2 28650  97.8817 345.1852 0023106   3.0404 357.0949 14.89929450905286
NOAA 2
1 06235U 72082A   22016.55095900 -.00000030  00000-0  10093-3 0  9999
2 06235 101.9348 357.9495 0004181   7.5218 102.0254 12.53142337252940
OSCAR 7 (AO-7)
1 07530U 74089B   22016.57048591 -.00000044  00000-0  88195-5 0  9998
2 07530 101.8855 356.0774 0012211 334.3673 139.6074 12.53652405158437
TRANSIT 5B-5
1 00965U 64083D   22016.77676389  .00000046  00000-0  52385-4 0  9992
2 00965  90.0215 194.9846 0039536 314.3312  56.0859 13.56767140825528
Tiros 10
1 01430U 65051A   22016.85763678  .00000069  00000-0  34810-4 0  9991
2 01430  98.3561 137.8709 0055412 243.4098 116.1406 14.40339504964151
LES-1
1 01002U 65008C   22016.37260109  .00000016  00000-0  10509-2 0  9995
2 01002  32.1415 265.3969 0015736 204.1897 155.7862  9.88353857 56623
LES-5
1 02866U 67066E   22016.75711632 -.00000040  00000-0  00000+0 0  9994
2 02866   1.6118 252.9338 0056708  28.2832 251.5649  1.09424839113382
NOSS
1 05680U 71110C   22016.55698089 -.00000018  00000-0  33436-4 0  9993
2 05680  69.9905  90.2074 0006760   9.6152 350.5071 13.74534394126590
OXP-1
1 22491U 93009C   22016.56504181  .00000401  00000-0  47229-4 0  9993
2 22491  24.9769 118.1919 0047829  61.9860 298.5479 14.53492291534766
SOLRAD 7B
1 01291U 65016D   22016.54466382  .00000009  00000-0  45379-4 0  9991
2 01291  70.0794  63.7231 0018218  75.6724 284.6403 13.94624023891879
ALOUETTE 2
1 01804U 65098A   22016.47663444  .00000308  00000-0  10362-3 0  9996
2 01804  79.7989 205.3934 1343214 255.0508  89.8391 12.25577508481499
ISIS 1
1 03669U 69009A   22016.52101236 -.00000006  00000-0 -25775-5 0  9998
2 03669  88.4296 322.6108 1710030 261.4506  78.9990 11.29524376177648
SHINSEI (MS-F2)
1 05485U 71080A   22016.74816150  .00000074  00000-0  92374-4 0  9991
2 05485  32.0528 239.5054 0640357 178.6451 181.6028 12.74146724343654
SECOR 13 (EGRS 13)
1 03891U 69037B   22016.58478220 -.00000031  00000-0  21722-4 0  9996
2 03891  99.8466 279.9429 0038879 236.1792 242.4343 13.42878626585302
SECOR 7
1 02411U 66077B   22016.11002296  .00000016  00000-0  71699-2 0  9997
2 02411  90.2880 259.2689 0018649 241.3903 118.5072  8.59616553738761
ERS 15
1 02412U 66077C   22016.61166812  .00000002  00000-0  00000+0 0  9998
2 02412  90.2863 259.0912 0010818 244.2092 115.7644  8.59074464736054
SECOR 4 (EGRS 4)
1 01315U 65027B   22016.63443087 -.00000019  00000-0 -96965-4 0  9997
2 01315  90.2631 339.2511 0032890  90.8291  81.6058 12.92615506678598
S69-4
1 04237U 69082E   22016.87005274  .00000012  00000-0  47867-4 0  9994
2 04237  70.0160 306.8615 0017651  68.9265 348.2349 13.95559399661843
TIMATION-II
1 04256U 69082B   22016.55563358  .00000030  00000-0  58160-4 0  9990
2 04256  70.0084 186.8959 0018739   7.0772 353.0596 13.98421685664953
OV 3-3
1 02389U 66070A   22016.61498304  .00004409  00000-0  24257-3 0  9997
2 02389  81.3839 254.2346 1215509 219.6082 130.9848 12.98010003386311
